";EGM-4 Data"																		
";SoftwareVersion=1.05"																		
";Plot"	"RecNo"	"Day"	"Month"	"Hour"	"Min"	"CO2 Ref"	"mb Ref"	"mbR Temp"	"Input A"	"Input B"	"Input C"	"Input D"	"Input E"	"Input F"	"Input G"	"Input H"	"ATMP"	"Probe Type"
5	3	20	8	9	56	415	14.2	20.5	0	58.8	0	0	0	0	0	0	971	8
5	4	20	8	9	56	418	14.2	20.5	0	58.8	0	0	4	0	0	0	971	8
5	5	20	8	9	56	417	14.2	20.5	0	58.8	0	0	9	0	0	0	971	8
5	6	20	8	9	56	418	14.2	20.5	0	58.8	0	2	14	0.25	0	0	971	8
5	7	20	8	9	56	421	14.2	20.6	0	58.8	0	5	19	0.34	0	0	971	8
5	8	20	8	9	56	423	14.3	20.6	0	58.8	0	7	24	0.4	0	0	971	8
5	9	20	8	9	56	424	14.3	20.6	0	58.8	0	9	28	0.39	0	0	971	8
5	10	20	8	9	56	424	14.3	20.6	0	58.8	0	9	33	0.37	0	0	971	8
5	11	20	8	9	57	425	14.3	20.6	0	58.8	0	10	38	0.33	0	0	971	8
5	12	20	8	9	57	425	14.3	20.6	0	58.8	0	10	43	0.3	0	0	971	8
5	13	20	8	9	57	425	14.3	20.6	0	58.8	0	10	48	0.27	0	0	971	8
5	14	20	8	9	57	425	14.3	20.7	0	58.8	0	10	52	0.25	0	0	971	8
5	15	20	8	9	57	426	14.3	20.6	0	58.8	0	10	57	0.23	0	0	971	8
5	16	20	8	9	57	427	14.3	20.7	0	58.8	0	11	62	0.22	0	0	971	8
5	17	20	8	9	57	428	14.3	20.7	0	58.8	0	11	67	0.22	0	0	971	8
5	18	20	8	9	57	429	14.3	20.7	0	58.8	0	12	72	0.22	0	0	971	8
5	19	20	8	9	57	430	14.3	20.7	0	58.8	0	13	76	0.22	0	0	971	8
5	20	20	8	9	57	432	14.3	20.7	0	58.8	0	14	81	0.22	0	0	971	8
5	21	20	8	9	57	433	14.4	20.7	0	58.8	0	15	86	0.22	0	0	971	8
5	22	20	8	9	57	435	14.4	20.7	0	58.8	0	16	91	0.23	0	0	971	8
5	23	20	8	9	57	436	14.3	20.7	0	58.8	0	18	96	0.23	0	0	971	8
5	24	20	8	9	58	436	14.3	20.8	0	58.8	0	19	100	0.23	0	0	971	8
5	25	20	8	9	58	436	14.3	20.8	0	58.8	0	20	105	0.23	0	0	971	8
5	26	20	8	9	58	436	14.3	20.8	0	58.8	0	20	110	0.23	0	0	971	8
5	27	20	8	9	58	436	14.3	20.8	0	58.7	0	21	115	0.23	0	0	971	8
5	28	20	8	9	58	436	14.3	20.8	0	58.7	0	21	120	0.22	0	0	971	8
5	29	20	8	9	58	436	14.3	20.8	0	58.7	0	21	124	0.21	0	0	971	8
6	1	20	8	10	3	355	15.6	21.4	0	61.3	0	0	0	0	0	0	971	8
6	2	20	8	10	3	357	15.8	21.4	0	61.7	0	0	4	0	0	0	971	8
6	3	20	8	10	3	357	15.9	21.4	0	61.9	0	0	9	0	0	0	971	8
6	4	20	8	10	4	358	16	21.4	0	62.1	0	3	14	0.28	0	0	971	8
6	5	20	8	10	4	359	16.1	21.5	0	62.3	0	3	19	0.25	0	0	971	8
6	6	20	8	10	4	360	16.2	21.5	0	62.4	0	4	24	0.25	0	0	971	8
6	7	20	8	10	4	361	16.2	21.5	0	62.5	0	5	28	0.25	0	0	971	8
6	8	20	8	10	4	362	16.4	21.5	0	62.7	0	6	33	0.25	0	0	971	8
6	9	20	8	10	4	363	16.4	21.5	0	62.8	0	7	38	0.25	0	0	971	8
6	10	20	8	10	4	364	16.3	21.5	0	62.9	0	8	43	0.25	0	0	971	8
6	11	20	8	10	4	365	16.5	21.5	0	63	0	9	48	0.26	0	0	971	8
6	12	20	8	10	4	366	16.5	21.5	0	63.1	0	10	52	0.26	0	0	971	8
6	13	20	8	10	4	367	16.5	21.6	0	63.2	0	11	57	0.26	0	0	971	8
6	14	20	8	10	4	368	16.5	21.5	0	63.3	0	12	62	0.26	0	0	971	8
6	15	20	8	10	4	369	16.6	21.6	0	63.4	0	13	67	0.26	0	0	971	8
6	16	20	8	10	4	370	16.6	21.6	0	63.5	0	15	72	0.27	0	0	971	8
6	17	20	8	10	5	372	16.6	21.6	0	63.5	0	16	76	0.27	0	0	971	8
6	18	20	8	10	5	373	16.6	21.6	0	63.6	0	17	81	0.27	0	0	971	8
6	19	20	8	10	5	374	16.7	21.6	0	63.7	0	18	86	0.27	0	0	971	8
6	20	20	8	10	5	375	16.7	21.6	0	63.7	0	19	91	0.27	0	0	971	8
6	21	20	8	10	5	376	16.8	21.6	0	63.8	0	20	96	0.28	0	0	971	8
6	22	20	8	10	5	378	16.7	21.6	0	63.8	0	22	100	0.28	0	0	971	8
6	23	20	8	10	5	379	16.9	21.7	0	63.9	0	23	105	0.28	0	0	971	8
6	24	20	8	10	5	381	16.8	21.6	0	63.9	0	24	110	0.28	0	0	971	8
6	25	20	8	10	5	382	16.8	21.6	0	64	0	26	115	0.29	0	0	971	8
6	26	20	8	10	5	383	16.8	21.6	0	64	0	27	120	0.29	0	0	971	8
6	27	20	8	10	5	385	16.9	21.7	0	64.1	0	29	124	0.29	0	0	971	8
4	8	20	8	10	13	355	15.9	22.6	0	58.2	0	0	0	0	0	0	971	8
4	9	20	8	10	13	356	15.9	22.6	0	58.2	0	0	4	0	0	0	971	8
4	10	20	8	10	13	355	15.8	22.6	0	58.1	0	0	9	0	0	0	971	8
4	11	20	8	10	13	355	15.8	22.6	0	58	0	0	14	-0.01	0	1	971	8
4	12	20	8	10	13	356	15.8	22.6	0	57.9	0	0	19	0.02	0	0	971	8
4	13	20	8	10	13	357	15.7	22.6	0	57.8	0	1	24	0.08	0	0	971	8
4	14	20	8	10	14	358	15.7	22.6	0	57.7	0	2	28	0.12	0	0	971	8
4	15	20	8	10	14	360	15.7	22.6	0	57.7	0	4	33	0.16	0	0	971	8
4	16	20	8	10	14	362	15.7	22.6	0	57.6	0	6	38	0.2	0	0	971	8
4	17	20	8	10	14	363	15.7	22.6	0	57.6	0	8	43	0.23	0	0	971	8
4	18	20	8	10	14	365	15.7	22.6	0	57.5	0	10	48	0.26	0	0	971	8
4	19	20	8	10	14	367	15.7	22.6	0	57.5	0	12	52	0.28	0	0	971	8
4	20	20	8	10	14	369	15.7	22.6	0	57.5	0	14	57	0.31	0	0	971	8
4	21	20	8	10	14	371	15.7	22.6	0	57.5	0	16	62	0.33	0	0	971	8
4	22	20	8	10	14	373	15.6	22.6	0	57.4	0	18	67	0.35	0	0	971	8
4	23	20	8	10	14	376	15.7	22.6	0	57.4	0	21	72	0.37	0	0	971	8
4	24	20	8	10	14	378	15.7	22.6	0	57.4	0	23	76	0.39	0	0	971	8
4	25	20	8	10	14	380	15.6	22.6	0	57.3	0	26	81	0.4	0	0	971	8
4	26	20	8	10	15	383	15.7	22.6	0	57.3	0	29	86	0.42	0	0	971	8
4	27	20	8	10	15	386	15.7	22.6	0	57.3	0	31	91	0.44	0	0	971	8
4	28	20	8	10	15	388	15.7	22.6	0	57.3	0	34	96	0.45	0	0	972	8
4	29	20	8	10	15	392	15.7	22.6	0	57.3	0	37	100	0.47	0	0	971	8
4	30	20	8	10	15	395	15.7	22.6	0	57.3	0	40	105	0.48	0	0	971	8
4	31	20	8	10	15	397	15.7	22.6	0	57.3	0	44	110	0.5	0	0	971	8
4	32	20	8	10	15	400	15.7	22.6	0	57.3	0	47	115	0.51	0	0	971	8
4	33	20	8	10	15	403	15.7	22.6	0	57.3	0	50	120	0.52	0	0	971	8
4	34	20	8	10	15	406	15.6	22.7	0	57.2	0	53	124	0.54	0	0	971	8
2	5	20	8	10	21	366	15.8	22.8	0	57.2	0	0	0	0	0	0	971	8
2	6	20	8	10	21	367	15.8	22.8	0	57.2	0	0	4	0	0	0	971	8
2	7	20	8	10	21	368	15.8	22.8	0	57.2	0	0	9	0	0	0	971	8
2	8	20	8	10	21	371	15.8	22.8	0	57.2	0	4	14	0.38	0	0	971	8
2	9	20	8	10	21	373	15.8	22.8	0	57.2	0	6	19	0.43	0	0	971	8
2	10	20	8	10	22	374	15.8	22.8	0	57.2	0	8	24	0.45	0	0	971	8
2	11	20	8	10	22	376	15.8	22.8	0	57.2	0	10	28	0.44	0	0	971	8
2	12	20	8	10	22	377	15.8	22.8	0	57.2	0	11	33	0.42	0	0	971	8
2	13	20	8	10	22	378	15.8	22.8	0	57.2	0	12	38	0.4	0	0	971	8
2	14	20	8	10	22	379	15.8	22.8	0	57.2	0	13	43	0.38	0	0	971	8
2	15	20	8	10	22	380	15.8	22.8	0	57.2	0	14	48	0.37	0	0	971	8
2	16	20	8	10	22	381	15.8	22.8	0	57.2	0	15	52	0.36	0	0	971	8
2	17	20	8	10	22	382	15.8	22.8	0	57.2	0	16	57	0.35	0	0	971	8
2	18	20	8	10	22	384	15.7	22.8	0	57.2	0	17	62	0.35	0	0	971	8
2	19	20	8	10	22	385	15.7	22.8	0	57.2	0	18	67	0.34	0	0	971	8
2	20	20	8	10	22	386	15.7	22.8	0	57.1	0	19	72	0.34	0	0	971	8
2	21	20	8	10	22	388	15.7	22.8	0	57.1	0	20	76	0.34	0	0	971	8
2	22	20	8	10	23	389	15.7	22.8	0	57.1	0	22	81	0.34	0	0	971	8
2	23	20	8	10	23	390	15.8	22.8	0	57.1	0	23	86	0.34	0	0	971	8
2	24	20	8	10	23	392	15.9	22.8	0	57.1	0	25	91	0.34	0	0	971	8
2	25	20	8	10	23	393	15.9	22.8	0	57.1	0	26	96	0.34	0	0	971	8
2	26	20	8	10	23	395	15.9	22.8	0	57.1	0	27	100	0.34	0	0	971	8
2	27	20	8	10	23	396	15.8	22.8	0	57.1	0	29	105	0.34	0	0	971	8
2	28	20	8	10	23	398	15.7	22.8	0	57.1	0	30	110	0.34	0	0	971	8
2	29	20	8	10	23	399	15.9	22.8	0	57.1	0	31	115	0.35	0	0	971	8
2	30	20	8	10	23	400	15.9	22.8	0	57.1	0	33	120	0.35	0	0	971	8
2	31	20	8	10	23	402	15.8	22.8	0	57.1	0	34	124	0.35	0	0	971	8
3	1	20	8	10	28	375	16.3	22.9	0	58.2	0	0	0	0	0	0	971	8
3	2	20	8	10	28	376	16.4	22.9	0	58.6	0	0	4	0	0	0	971	8
3	3	20	8	10	28	377	16.4	22.9	0	58.6	0	0	9	0	0	0	971	8
3	4	20	8	10	28	377	16.6	23	0	58.7	0	2	14	0.19	0	0	971	8
3	5	20	8	10	29	378	16.5	22.9	0	58.8	0	2	19	0.16	0	0	971	8
3	6	20	8	10	29	379	16.6	23	0	58.9	0	3	24	0.2	0	0	971	8
3	7	20	8	10	29	380	16.5	22.9	0	58.9	0	4	28	0.2	0	0	971	8
3	8	20	8	10	29	380	16.7	23	0	59	0	4	33	0.18	0	0	971	8
3	9	20	8	10	29	378	16.7	23	0	59	0	4	38	0.13	0	0	971	8
3	10	20	8	10	29	378	16.7	23	0	59.1	0	3	43	0.09	0	0	971	8
3	11	20	8	10	29	378	16.8	23	0	59.1	0	2	48	0.07	0	0	971	8
3	12	20	8	10	29	379	16.8	23	0	59.2	0	2	52	0.06	0	0	971	8
3	13	20	8	10	29	379	16.8	23	0	59.2	0	2	57	0.06	0	0	971	8
3	14	20	8	10	29	380	16.8	23	0	59.2	0	3	62	0.06	0	0	971	8
3	15	20	8	10	29	380	16.8	23	0	59.3	0	3	67	0.06	0	0	971	8
3	16	20	8	10	29	381	16.8	23	0	59.3	0	3	72	0.07	0	0	972	8
3	17	20	8	10	29	382	16.8	23	0	59.3	0	4	76	0.07	0	0	971	8
3	18	20	8	10	30	383	16.8	23	0	59.3	0	5	81	0.08	0	0	971	8
3	19	20	8	10	30	384	16.8	23	0	59.4	0	6	86	0.09	0	0	971	8
3	20	20	8	10	30	385	16.8	23	0	59.4	0	7	91	0.1	0	0	971	8
3	21	20	8	10	30	387	16.8	23.1	0	59.4	0	8	96	0.11	0	0	971	8
3	22	20	8	10	30	388	16.8	23.1	0	59.4	0	9	100	0.12	0	0	971	8
3	23	20	8	10	30	389	16.8	23.1	0	59.4	0	11	105	0.13	0	0	971	8
3	24	20	8	10	30	391	16.8	23.1	0	59.5	0	12	110	0.14	0	0	971	8
3	25	20	8	10	30	393	17	23.1	0	59.5	0	14	115	0.16	0	0	971	8
3	26	20	8	10	30	395	17	23.1	0	59.5	0	16	120	0.17	0	0	971	8
3	27	20	8	10	30	397	16.9	23.2	0	59.5	0	18	124	0.18	0	0	971	8
1	1	20	8	10	36	401	17.1	24	0	57.4	0	0	0	0	0	0	971	8
1	2	20	8	10	36	405	17.4	24	0	57.9	0	0	4	0	0	0	971	8
1	3	20	8	10	36	406	17.4	24	0	58.1	0	0	9	0	0	0	972	8
1	4	20	8	10	36	407	17.6	24	0	58.3	0	5	14	0.87	0	0	971	8
1	5	20	8	10	36	408	17.7	24	0	58.6	0	6	19	0.71	0	0	971	8
1	6	20	8	10	36	410	17.9	24	0	58.8	0	8	24	0.44	0	0	971	8
1	7	20	8	10	36	412	18	24	0	59	0	9	28	0.45	0	0	971	8
1	8	20	8	10	36	415	18	24	0	59.1	0	12	33	0.46	0	0	971	8
1	9	20	8	10	36	417	18.1	24.1	0	59.3	0	14	38	0.49	0	0	971	8
1	10	20	8	10	36	420	18.2	24.1	0	59.4	0	17	43	0.52	0	0	971	8
1	11	20	8	10	37	424	18.3	24.1	0	59.6	0	20	48	0.56	0	0	971	8
1	12	20	8	10	37	429	18.3	24.1	0	59.7	0	25	52	0.61	0	0	971	8
1	13	20	8	10	37	434	18.4	24.1	0	59.8	0	29	57	0.66	0	0	971	8
1	14	20	8	10	37	439	18.5	24.2	0	59.9	0	34	62	0.71	0	0	971	8
1	15	20	8	10	37	442	18.5	24.2	0	60	0	39	67	0.75	0	0	971	8
1	16	20	8	10	37	445	18.5	24.2	0	60.1	0	43	72	0.77	0	0	971	8
1	17	20	8	10	37	446	18.5	24.2	0	60.2	0	47	76	0.78	0	0	971	8
1	18	20	8	10	37	447	18.5	24.2	0	60.2	0	49	81	0.78	0	0	971	8
1	19	20	8	10	37	449	18.5	24.2	0	60.3	0	52	86	0.77	0	0	971	8
1	20	20	8	10	37	450	18.7	24.2	0	60.4	0	54	91	0.76	0	0	971	8
1	21	20	8	10	37	452	18.6	24.3	0	60.4	0	56	96	0.66	0	0	971	8
1	22	20	8	10	37	453	18.8	24.3	0	60.5	0	58	100	0.72	0	0	971	8
1	23	20	8	10	37	454	18.8	24.3	0	60.5	0	59	105	0.77	0	0	971	8
1	24	20	8	10	38	456	18.8	24.3	0	60.6	0	61	110	0.81	0	0	971	8
1	25	20	8	10	38	457	18.8	24.3	0	60.6	0	62	115	0.85	0	0	971	8
1	26	20	8	10	38	458	18.8	24.3	0	60.7	0	63	120	0.87	0	0	971	8
1	27	20	8	10	38	459	18.8	24.3	0	60.7	0	64	124	0.9	0	0	971	8
7	1	20	8	10	41	385	18.4	24.8	0	58.5	0	0	0	0	0	0	971	8
7	2	20	8	10	41	386	18.5	24.8	0	58.9	0	0	4	0	0	0	971	8
7	3	20	8	10	41	387	18.7	24.8	0	59.1	0	0	9	0	0	0	971	8
7	4	20	8	10	41	389	18.8	24.9	0	59.2	0	3	14	0.31	0	0	971	8
7	5	20	8	10	41	391	18.9	24.9	0	59.3	0	5	19	0.38	0	0	971	8
7	6	20	8	10	41	392	18.9	24.9	0	59.5	0	7	24	0.39	0	0	971	8
7	7	20	8	10	41	393	19.1	24.9	0	59.6	0	8	28	0.39	0	0	971	8
7	8	20	8	10	42	394	19.2	25	0	59.7	0	9	33	0.36	0	0	971	8
7	9	20	8	10	42	394	19.1	24.9	0	59.8	0	10	38	0.34	0	0	971	8
7	10	20	8	10	42	395	19.2	25	0	59.8	0	10	43	0.31	0	0	971	8
7	11	20	8	10	42	395	19.3	25	0	60	0	10	48	0.29	0	0	971	8
7	12	20	8	10	42	396	19.3	25	0	60	0	11	52	0.27	0	0	971	8
7	13	20	8	10	42	396	19.4	25	0	60.1	0	11	57	0.25	0	0	971	8
7	14	20	8	10	42	397	19.5	25	0	60.2	0	11	62	0.24	0	0	971	8
7	15	20	8	10	42	398	19.5	25	0	60.3	0	12	67	0.24	0	0	971	8
7	16	20	8	10	42	399	19.5	25	0	60.3	0	13	72	0.24	0	0	971	8
7	17	20	8	10	42	401	19.6	25.1	0	60.4	0	14	76	0.24	0	0	971	8
7	18	20	8	10	42	402	19.6	25.1	0	60.5	0	15	81	0.24	0	0	971	8
7	19	20	8	10	42	404	19.5	25	0	60.5	0	16	86	0.24	0	0	971	8
7	20	20	8	10	43	405	19.6	25.1	0	60.6	0	17	91	0.25	0	0	971	8
7	21	20	8	10	43	407	19.6	25.1	0	60.6	0	19	96	0.26	0	0	971	8
7	22	20	8	10	43	409	19.6	25.1	0	60.7	0	21	100	0.26	0	0	971	8
7	23	20	8	10	43	411	19.8	25.2	0	60.7	0	22	105	0.27	0	0	971	8
7	24	20	8	10	43	413	19.7	25.2	0	60.7	0	24	110	0.28	0	0	971	8
7	25	20	8	10	43	414	19.8	25.2	0	60.8	0	26	115	0.29	0	0	971	8
7	26	20	8	10	43	416	19.9	25.2	0	60.8	0	28	120	0.3	0	0	971	8
7	27	20	8	10	43	418	19.9	25.2	0	60.9	0	30	124	0.31	0	0	971	8
";Received 413 record(s)"																		
